Su = 1226; % MPa
Sy = 1130; % MPa
BrHd = 356;
Mb = 70;   % Nm
Tr = 45;   % Nm
FS = 2.5;
RPM = 100;

